#      z         IWC          R_eff
#     (km)     (g/m^3)         (um)
     10.236   0.000000000   9.490000000
     10.229   0.000000000   9.490000000
     10.222   0.000000000   9.490000000
     10.215   0.000000000   9.490000000
     10.208   0.000000000   9.490000000
     10.200   0.000000000   9.490000000
     10.193   0.000000000   9.490000000
     10.186   0.000000000   9.490000000
     10.179   0.000000000   9.490000000
     10.172   0.000000000   9.490000000
     10.165   0.000000000   9.490000000
     10.158   0.000000000   9.490000000
     10.151   0.000000000   9.490000000
     10.144   0.000000000   9.490000000
     10.137   0.000000000   9.490000000
     10.130   0.000000000   9.490000000
     10.123   0.000000000   9.490000000
     10.116   0.000000000   9.490000000
     10.109   0.000000000   9.490000000
     10.102   0.000000000   9.490000000
     10.095   0.000000000   9.490000000
     10.089   0.000000000   9.490000000
     10.082   0.000000000   9.490000000
     10.075   0.000000000   9.490000000
     10.068   0.000000000   9.490000000
     10.061   0.000000000   9.490000000
     10.054   0.000000000   9.490000000
     10.047   0.000000000   9.490000000
     10.040   0.000000000   9.490000000
     10.033   0.000000000   9.490000000
     10.026   0.000000000   9.490000000
     10.019   0.000000000   9.490000000
     10.012   0.000000000   9.490000000
     10.005   0.000000000   9.490000000
     9.998   0.000000000   9.490000000
     9.991   0.000000000   9.490000000
     9.983   0.000000000   9.490000000
     9.976   0.000000000   9.490000000
     9.969   0.000000000   9.490000000
     9.962   0.000000000   9.490000000
     9.955   0.000000000   9.490000000
     9.948   0.000000000   9.490000000
     9.941   0.000000000   9.490000000
     9.934   0.000000000   9.490000000
     9.927   0.000000000   9.490000000
     9.920   0.000000000   9.490000000
     9.913   0.000000000   9.490000000
     9.906   0.000000000   9.490000000
     9.899   0.000000000   9.490000000
     9.892   0.000000000   9.490000000
     9.885   0.000000000   9.490000000
     9.878   0.000000000   9.490000000
     9.872   0.000000000   9.490000000
     9.865   0.000000000   9.490000000
     9.858   0.000000000   9.490000000
     9.851   0.000000000   9.490000000
     9.844   0.000000000   9.490000000
     9.837   0.000000000   9.490000000
     9.830   0.000000000   9.490000000
     9.823   0.000000000   9.490000000
     9.816   0.000000000   9.490000000
     9.809   0.000000000   9.490000000
     9.802   0.000000000   9.490000000
     9.795   0.000000000   9.490000000
     9.788   0.000000000   9.490000000
     9.781   0.000000000   9.490000000
     9.774   0.000000000   9.490000000
     9.767   0.000000000   9.490000000
     9.759   0.000000000   9.490000000
     9.752   0.000000000   9.490000000
     9.745   0.000000000   9.490000000
     9.738   0.000000000   9.490000000
     9.731   0.000000000   9.490000000
     9.724   0.000000000   9.490000000
     9.717   0.000000000   9.490000000
     9.710   0.000000000   9.490000000
     9.703   0.000000000   9.490000000
     9.696   0.000000000   9.490000000
     9.689   0.000000000   9.490000000
     9.682   0.000000000   9.490000000
     9.675   0.000000000   9.490000000
     9.668   0.000000000   9.490000000
     9.661   0.000000000   9.490000000
     9.655   0.000000000   9.490000000
     9.648   0.000000000   9.490000000
     9.641   0.000000000   9.490000000
     9.634   0.000000000   9.490000000
     9.627   0.000000000   9.490000000
     9.620   0.000000000   9.490000000
     9.613   0.000000000   9.490000000
     9.606   0.000000000   9.490000000
     9.599   0.000000000   9.490000000
     9.592   0.000000000   9.490000000
     9.585   0.000000000   9.490000000
     9.578   0.000000000   9.490000000
     9.571   0.000000000   9.490000000
     9.564   0.000000000   9.490000000
     9.557   0.000000000   9.490000000
     9.550   0.000000000   9.490000000
     9.542   0.000000000   9.490000000
     9.535   0.000000000   9.490000000
     9.528   0.000000000   9.490000000
     9.521   0.000000000   9.490000000
     9.514   0.000000000   9.490000000
     9.507   0.000000000   9.490000000
     9.500   0.000000000   9.490000000
     9.493   0.000000000   9.490000000
     9.486   0.000000000   9.490000000
     9.479   0.000000000   9.490000000
     9.472   0.000000000   9.490000000
     9.465   0.000000000   9.490000000
     9.458   0.000000000   9.490000000
     9.451   0.000000000   9.490000000
     9.444   0.000000000   9.490000000
     9.438   0.000000000   9.490000000
     9.431   0.000000000   9.490000000
     9.424   0.000000000   9.490000000
     9.417   0.000000000   9.490000000
     9.410   0.000000000   9.490000000
     9.403   0.000000000   9.490000000
     9.396   0.000000000   9.490000000
     9.389   0.000000000   9.490000000
     9.382   0.000000000   9.490000000
     9.375   0.000000000   9.490000000
     9.368   0.000000000   9.490000000
     9.361   0.000000000   9.490000000
     9.354   0.000000000   9.490000000
     9.347   0.000000000   9.490000000
     9.340   0.000000000   9.490000000
     9.333   0.000000000   9.490000000
     9.325   0.000000000   9.490000000
     9.318   0.000000000   9.490000000
     9.311   0.000000000   9.490000000
     9.304   0.000000000   9.490000000
     9.297   0.000000000   9.490000000
     9.290   0.000000000   9.490000000
     9.283   0.000000000   9.490000000
     9.276   0.000000000   9.490000000
     9.269   0.000000000   9.490000000
     9.262   0.000000000   9.490000000
     9.255   0.000000000   9.490000000
     9.248   0.000000000   9.490000000
     9.241   0.000000000   9.490000000
     9.234   0.000000000   9.490000000
     9.227   0.000000000   9.490000000
     9.220   0.000000000   9.490000000
     9.214   0.000000000   9.490000000
     9.207   0.000000000   9.490000000
     9.200   0.000000000   9.490000000
     9.193   0.000000000   9.490000000
     9.186   0.000000000   9.490000000
     9.179   0.000000000   9.490000000
     9.172   0.000000000   9.490000000
     9.165   0.000000000   9.490000000
     9.158   0.000000000   9.490000000
     9.151   0.000000000   9.490000000
     9.144   0.000000000   9.490000000
     9.137   0.000000000   9.490000000
     9.130   0.000000000   9.490000000
     9.123   0.000000000   9.490000000
     9.116   0.000000000   9.490000000
     9.108   0.000000000   9.490000000
     9.101   0.000000000   9.490000000
     9.094   0.000000000   9.490000000
     9.087   0.000000000   9.490000000
     9.080   0.000000000   9.490000000
     9.073   0.000000000   9.490000000
     9.066   0.000000000   9.490000000
     9.059   0.000000000   9.490000000
     9.052   0.000000000   9.490000000
     9.045   0.000000000   9.490000000
     9.038   0.000000000   9.490000000
     9.031   0.000000000   9.490000000
     9.024   0.000000000   9.490000000
     9.017   0.000000000   9.490000000
     9.010   0.000000000   9.490000000
     9.003   0.000000000   9.490000000
     8.997   0.000000000   9.490000000
     8.990   0.000000000   9.490000000
     8.983   0.000000000   9.490000000
     8.976   0.000000000   9.490000000
     8.969   0.000000000   9.490000000
     8.962   0.000000000   9.490000000
     8.955   0.000000000   9.490000000
     8.948   0.000000000   9.490000000
     8.941   0.000000000   9.490000000
     8.934   0.000000000   9.490000000
     8.927   0.000000000   9.490000000
     8.920   0.000000116   17.314590878
     8.913   0.000000159   16.700598280
     8.906   0.000000295   31.799427234
     8.899   0.000000398   30.156741559
     8.892   0.000000537   41.379011236
     8.884   0.000000740   52.052677347
     8.877   0.000000976   48.766396503
     8.870   0.000001283   46.473083785
     8.863   0.000001604   44.716129196
     8.856   0.000001885   43.689156882
     8.849   0.000002114   43.254403863
     8.842   0.000002300   43.175699830
     8.835   0.000002443   43.289866881
     8.828   0.000002544   43.536230805
     8.821   0.000002604   43.885000196
     8.814   0.000002611   44.377797167
     8.807   0.000002522   45.156331907
     8.800   0.000002308   46.229088184
     8.793   0.000001962   48.017143854
     8.786   0.000001694   50.186034059
     8.780   0.000001564   52.138322644
     8.773   0.000001483   53.572970501
     8.766   0.000001399   54.599149735
     8.759   0.000001303   55.452346714
     8.752   0.000001219   56.286586187
     8.745   0.000001160   57.234785345
     8.738   0.000001122   58.311212342
     8.731   0.000001087   59.282207076
     8.724   0.000001034   60.034231865
     8.717   0.000000969   60.687423684
     8.710   0.000000876   61.187267420
     8.703   0.000000753   61.393868236
     8.696   0.000000641   61.482896854
     8.689   0.000000587   61.921935412
     8.682   0.000000597   62.930557760
     8.675   0.000000699   64.404965087
     8.667   0.000000938   66.083928687
     8.660   0.000001387   69.203764724
     8.653   0.000001840   70.524612966
     8.646   0.000002340   72.837065090
     8.639   0.000002690   73.169954703
     8.632   0.000002872   73.267416155
     8.625   0.000002860   73.285569670
     8.618   0.000002322   73.279479693
     8.611   0.000002135   54.929769249
     8.604   0.000001481   54.913558415
     8.597   0.000001160   36.584038753
     8.590   0.000000524   36.574419937
     8.583   0.000000007   18.282222300
     8.576   0.000000000   9.490000000
     8.569   0.000000000   9.490000000
     8.562   0.000000000   9.490000000
     8.556   0.000000000   9.490000000
     8.549   0.000000000   9.490000000
     8.542   0.000000000   9.490000000
     8.535   0.000000000   9.490000000
     8.528   0.000000000   9.490000000
     8.521   0.000000000   9.490000000
     8.514   0.000000000   9.490000000
     8.507   0.000000000   9.490000000
     8.500   0.000000000   9.490000000
     8.493   0.000000000   9.490000000
     8.486   0.000000000   9.490000000
     8.479   0.000000000   9.490000000
     8.472   0.000000000   9.490000000
     8.465   0.000000000   9.490000000
     8.458   0.000000000   9.490000000
     8.457   0.000000000   9.490000000
