#      z         IWC          R_eff
#     (km)     (g/m^3)         (um)
     10.236   0.000000000   9.490000000
     10.229   0.000000000   9.490000000
     10.222   0.000000000   9.490000000
     10.215   0.000000000   9.490000000
     10.208   0.000000000   9.490000000
     10.200   0.000000000   9.490000000
     10.193   0.000000000   9.490000000
     10.186   0.000000000   9.490000000
     10.179   0.000000000   9.490000000
     10.172   0.000000000   9.490000000
     10.165   0.000000000   9.490000000
     10.158   0.000000000   9.490000000
     10.151   0.000000000   9.490000000
     10.144   0.000000000   9.490000000
     10.137   0.000000000   9.490000000
     10.130   0.000000000   9.490000000
     10.123   0.000000000   9.490000000
     10.116   0.000000000   9.490000000
     10.109   0.000000059   13.767522432
     10.102   0.000000284   27.944994144
     10.095   0.000000710   26.874993637
     10.089   0.000002106   27.490727007
     10.082   0.000004747   26.822268410
     10.075   0.000010852   26.837957193
     10.068   0.000021530   26.265723136
     10.061   0.000046973   26.301488106
     10.054   0.000086737   26.392008294
     10.047   0.000125358   25.267470846
     10.040   0.000212508   26.405745302
     10.033   0.000298934   26.158169931
     10.026   0.000422883   26.460184017
     10.019   0.000538793   27.357207728
     10.012   0.000670705   27.974845580
     10.005   0.000767374   28.237504011
     9.998   0.000890723   28.568671041
     9.991   0.001027286   28.862245017
     9.983   0.001036535   29.538978197
     9.976   0.001263041   31.376042898
     9.969   0.001415522   32.582902350
     9.962   0.001402897   32.981100958
     9.955   0.001539754   34.571414290
     9.948   0.001565149   34.543045331
     9.941   0.001414851   34.884651541
     9.934   0.001457776   37.068897655
     9.927   0.001544069   38.124577259
     9.920   0.001515581   38.654678065
     9.913   0.001509762   40.567902033
     9.906   0.001475467   41.690753278
     9.899   0.001376668   41.276609409
     9.892   0.001394769   43.797808758
     9.885   0.001359462   45.528937335
     9.878   0.001435461   47.698136768
     9.872   0.001284078   47.393088607
     9.865   0.001130522   46.789220505
     9.858   0.001129173   47.789788368
     9.851   0.001050981   48.904639698
     9.844   0.000920301   49.347570894
     9.837   0.000794463   49.531183322
     9.830   0.000745752   50.820457545
     9.823   0.000636450   51.142757002
     9.816   0.000619840   52.490293456
     9.809   0.000648853   53.858391766
     9.802   0.000665478   54.984229791
     9.795   0.000612856   55.922835600
     9.788   0.000551732   55.674681789
     9.781   0.000468635   54.944808653
     9.774   0.000428083   55.986623920
     9.767   0.000385336   57.949644543
     9.759   0.000357990   58.630263084
     9.752   0.000362345   60.714744905
     9.745   0.000355548   61.104838096
     9.738   0.000350097   61.816863308
     9.731   0.000348282   62.801431341
     9.724   0.000355572   65.118591010
     9.717   0.000315354   64.675477915
     9.710   0.000291263   65.745545726
     9.703   0.000276208   67.037384724
     9.696   0.000256646   66.633532697
     9.689   0.000246033   65.123924287
     9.682   0.000187258   64.834479417
     9.675   0.000175082   67.470959038
     9.668   0.000153520   69.216584961
     9.661   0.000130036   68.891975388
     9.655   0.000112734   68.748391641
     9.648   0.000112146   72.377530159
     9.641   0.000103974   73.940180300
     9.634   0.000099718   74.154879258
     9.627   0.000098333   74.249961472
     9.620   0.000098252   75.025542174
     9.613   0.000092176   75.211763033
     9.606   0.000085501   75.676922279
     9.599   0.000075087   76.187046943
     9.592   0.000065009   75.868418207
     9.585   0.000059382   76.753101894
     9.578   0.000053257   77.146498370
     9.571   0.000046300   78.607597970
     9.564   0.000041863   80.570549471
     9.557   0.000035395   81.236459664
     9.550   0.000029184   81.366262748
     9.542   0.000023848   81.208898337
     9.535   0.000019876   81.254547695
     9.528   0.000017198   81.893034803
     9.521   0.000015024   82.204234786
     9.514   0.000013377   82.916223619
     9.507   0.000012131   83.728926256
     9.500   0.000010615   83.931248810
     9.493   0.000008890   84.246668848
     9.486   0.000006586   84.526036517
     9.479   0.000005084   63.434519689
     9.472   0.000003996   62.679559051
     9.465   0.000002933   62.732593506
     9.458   0.000002431   42.447471060
     9.451   0.000002021   42.498490075
     9.444   0.000001580   41.415274609
     9.438   0.000000966   41.424711526
     9.431   0.000000772   21.319436200
     9.424   0.000000598   21.327570721
     9.417   0.000000004   21.327601644
     9.410   0.000000000   9.490000000
     9.403   0.000000000   9.490000000
     9.396   0.000000000   9.490000000
     9.389   0.000000000   9.490000000
     9.382   0.000000000   9.490000000
     9.375   0.000000000   9.490000000
     9.368   0.000000000   9.490000000
     9.361   0.000000000   9.490000000
     9.354   0.000000000   9.490000000
     9.347   0.000000000   9.490000000
     9.340   0.000000000   9.490000000
     9.333   0.000000000   9.490000000
     9.325   0.000000000   9.490000000
     9.318   0.000000000   9.490000000
     9.311   0.000000000   9.490000000
     9.304   0.000000000   9.490000000
     9.297   0.000000000   9.490000000
     9.290   0.000000000   9.490000000
     9.283   0.000000000   9.490000000
     9.276   0.000000000   9.490000000
     9.269   0.000000000   9.490000000
     9.262   0.000000000   9.490000000
     9.255   0.000000000   9.490000000
     9.248   0.000000000   9.490000000
     9.241   0.000000000   9.490000000
     9.234   0.000000000   9.490000000
     9.227   0.000000000   9.490000000
     9.220   0.000000000   9.490000000
     9.214   0.000000000   9.490000000
     9.207   0.000000000   9.490000000
     9.200   0.000000000   9.490000000
     9.193   0.000000000   9.490000000
     9.186   0.000000000   9.490000000
     9.179   0.000000000   9.490000000
     9.172   0.000000000   9.490000000
     9.165   0.000000000   9.490000000
     9.158   0.000000000   9.490000000
     9.151   0.000000000   9.490000000
     9.144   0.000000000   9.490000000
     9.137   0.000000000   9.490000000
     9.130   0.000000000   9.490000000
     9.123   0.000000000   9.490000000
     9.116   0.000000000   9.490000000
     9.108   0.000000000   9.490000000
     9.101   0.000000000   9.490000000
     9.094   0.000000000   9.490000000
     9.087   0.000000000   9.490000000
     9.080   0.000000000   9.490000000
     9.073   0.000000000   9.490000000
     9.066   0.000000000   9.490000000
     9.059   0.000000000   9.490000000
     9.052   0.000000000   9.490000000
     9.045   0.000000000   9.490000000
     9.038   0.000000000   9.490000000
     9.031   0.000000000   9.490000000
     9.024   0.000000000   9.490000000
     9.017   0.000000000   9.490000000
     9.010   0.000000000   9.490000000
     9.003   0.000000000   9.490000000
     8.997   0.000000000   9.490000000
     8.990   0.000000000   9.490000000
     8.983   0.000000000   9.490000000
     8.976   0.000000000   9.490000000
     8.969   0.000000000   9.490000000
     8.962   0.000000000   9.490000000
     8.955   0.000000000   9.490000000
     8.948   0.000000000   9.490000000
     8.941   0.000000000   9.490000000
     8.934   0.000000000   9.490000000
     8.927   0.000000000   9.490000000
     8.920   0.000000000   9.490000000
     8.913   0.000000000   9.490000000
     8.906   0.000000000   9.490000000
     8.899   0.000000000   9.490000000
     8.892   0.000000000   9.490000000
     8.884   0.000000000   9.490000000
     8.877   0.000000000   9.490000000
     8.870   0.000000000   9.490000000
     8.863   0.000000000   9.490000000
     8.856   0.000000000   9.490000000
     8.849   0.000000000   9.490000000
     8.842   0.000000000   9.490000000
     8.835   0.000000000   9.490000000
     8.828   0.000000000   9.490000000
     8.821   0.000000000   9.490000000
     8.814   0.000000000   9.490000000
     8.807   0.000000000   9.490000000
     8.800   0.000000000   9.490000000
     8.793   0.000000000   9.490000000
     8.786   0.000000000   9.490000000
     8.780   0.000000000   9.490000000
     8.773   0.000000000   9.490000000
     8.766   0.000000000   9.490000000
     8.759   0.000000000   9.490000000
     8.752   0.000000000   9.490000000
     8.745   0.000000000   9.490000000
     8.738   0.000000000   9.490000000
     8.731   0.000000000   9.490000000
     8.724   0.000000000   9.490000000
     8.717   0.000000000   9.490000000
     8.710   0.000000000   9.490000000
     8.703   0.000000000   9.490000000
     8.696   0.000000000   9.490000000
     8.689   0.000000000   9.490000000
     8.682   0.000000000   9.490000000
     8.675   0.000000000   9.490000000
     8.667   0.000000000   9.490000000
     8.660   0.000000000   9.490000000
     8.653   0.000000000   9.490000000
     8.646   0.000000000   9.490000000
     8.639   0.000000000   9.490000000
     8.632   0.000000000   9.490000000
     8.625   0.000000000   9.490000000
     8.618   0.000000000   9.490000000
     8.611   0.000000000   9.490000000
     8.604   0.000000000   9.490000000
     8.597   0.000000000   9.490000000
     8.590   0.000000000   9.490000000
     8.583   0.000000000   9.490000000
     8.576   0.000000000   9.490000000
     8.569   0.000000000   9.490000000
     8.562   0.000000000   9.490000000
     8.556   0.000000000   9.490000000
     8.549   0.000000000   9.490000000
     8.542   0.000000000   9.490000000
     8.535   0.000000000   9.490000000
     8.528   0.000000000   9.490000000
     8.521   0.000000000   9.490000000
     8.514   0.000000000   9.490000000
     8.507   0.000000000   9.490000000
     8.500   0.000000000   9.490000000
     8.493   0.000000000   9.490000000
     8.486   0.000000000   9.490000000
     8.479   0.000000000   9.490000000
     8.472   0.000000000   9.490000000
     8.465   0.000000000   9.490000000
     8.458   0.000000000   9.490000000
     8.457   0.000000000   9.490000000
