#      z         IWC          R_eff
#     (km)     (g/m^3)         (um)
     10.236   0.000000000   9.490000000
     10.229   0.000000000   9.490000000
     10.222   0.000000000   9.490000000
     10.215   0.000000000   9.490000000
     10.208   0.000000000   9.490000000
     10.200   0.000000000   9.490000000
     10.193   0.000000000   9.490000000
     10.186   0.000000000   9.490000000
     10.179   0.000000000   9.490000000
     10.172   0.000000000   9.490000000
     10.165   0.000000000   9.490000000
     10.158   0.000000000   9.490000000
     10.151   0.000000000   9.490000000
     10.144   0.000000000   9.490000000
     10.137   0.000000000   9.490000000
     10.130   0.000000000   9.490000000
     10.123   0.000000024   18.815495423
     10.116   0.000000129   25.085719244
     10.109   0.000000551   25.129846108
     10.102   0.000001986   24.684039090
     10.095   0.000006297   23.914695703
     10.089   0.000019195   23.085887733
     10.082   0.000058579   22.596017516
     10.075   0.000143207   20.974428480
     10.068   0.000356837   20.144394512
     10.061   0.000766227   18.870223357
     10.054   0.001464904   17.715507056
     10.047   0.002241241   16.099686036
     10.040   0.003370774   14.977952560
     10.033   0.004607506   13.904202206
     10.026   0.005631789   12.955079001
     10.019   0.007080068   12.317249457
     10.012   0.008504713   11.841374544
     10.005   0.010030459   11.532346434
     9.998   0.011558926   11.380841897
     9.991   0.013138114   11.327601896
     9.983   0.014568175   11.302096027
     9.976   0.015639729   11.295147488
     9.969   0.016333423   11.317008102
     9.962   0.016740589   11.407729289
     9.955   0.017032298   11.613767128
     9.948   0.017046405   11.873818039
     9.941   0.016557520   12.158280697
     9.934   0.016396436   12.628286640
     9.927   0.015841188   13.134073015
     9.920   0.014856026   13.627670342
     9.913   0.014700140   14.395046492
     9.906   0.014214111   15.197636458
     9.899   0.013365388   15.875057215
     9.892   0.013302981   17.018111976
     9.885   0.013210132   18.243761588
     9.878   0.013122419   19.191742467
     9.872   0.012356256   20.031988242
     9.865   0.011713890   20.986712116
     9.858   0.011476742   22.426691430
     9.851   0.011027223   23.657335987
     9.844   0.011247284   25.121527869
     9.837   0.011657255   26.903344406
     9.830   0.010783488   27.594007406
     9.823   0.010902426   29.317967346
     9.816   0.010805703   30.596875149
     9.809   0.010102194   31.646377465
     9.802   0.010639345   33.795422496
     9.795   0.010594046   35.015829781
     9.788   0.010190891   36.014429497
     9.781   0.010930535   37.682675611
     9.774   0.010768899   38.418860640
     9.767   0.010477533   39.466878661
     9.759   0.010382651   40.832230297
     9.752   0.010535457   43.238454964
     9.745   0.010516871   44.579108362
     9.738   0.010530011   45.634853450
     9.731   0.010340746   46.015033149
     9.724   0.010734400   46.896624553
     9.717   0.011811161   48.800222430
     9.710   0.012253631   49.840418797
     9.703   0.010342559   48.010966566
     9.696   0.009604537   49.127946113
     9.689   0.010385153   52.854658861
     9.682   0.009754076   53.061703511
     9.675   0.010225580   54.801821534
     9.668   0.009471253   54.627103964
     9.661   0.008715412   54.450039897
     9.655   0.008912603   56.232671341
     9.648   0.009141198   58.271391026
     9.641   0.008739382   59.259713453
     9.634   0.008963406   59.964255342
     9.627   0.008988524   59.640940890
     9.620   0.010100844   61.773433117
     9.613   0.010036132   61.974737037
     9.606   0.010298667   63.239087467
     9.599   0.009941331   63.989806222
     9.592   0.009588642   64.513908001
     9.585   0.008527968   64.715502958
     9.578   0.008229993   66.703869379
     9.571   0.007753730   66.361084464
     9.564   0.008393714   69.178873673
     9.557   0.006874370   65.411091782
     9.550   0.007326313   68.008448579
     9.542   0.007029038   69.005633122
     9.535   0.005574363   65.941581852
     9.528   0.005759402   69.888978032
     9.521   0.005047006   70.601046900
     9.514   0.004777765   70.970032539
     9.507   0.005414996   72.573173384
     9.500   0.006201373   74.453491834
     9.493   0.006663792   75.661184383
     9.486   0.006811686   76.383017586
     9.479   0.006183279   76.392076153
     9.472   0.005691450   77.674194472
     9.465   0.005031284   77.427015640
     9.458   0.004870200   78.333068814
     9.451   0.004755479   78.514036431
     9.444   0.004626600   78.238008427
     9.438   0.004455091   78.832599684
     9.431   0.004101057   78.579265391
     9.424   0.004388147   82.362035755
     9.417   0.004359078   83.394457761
     9.410   0.004210569   83.765931777
     9.403   0.004004627   84.087783762
     9.396   0.003749617   84.362734924
     9.389   0.003550384   84.613013314
     9.382   0.003423095   84.801860794
     9.375   0.003333772   84.949264419
     9.368   0.003234252   85.052903160
     9.361   0.003068295   85.085252067
     9.354   0.002766247   85.109524662
     9.347   0.002353336   85.114843387
     9.340   0.001967184   85.120816948
     9.333   0.001696761   85.126048361
     9.325   0.001489341   85.169398517
     9.318   0.001317869   85.268809926
     9.311   0.001168474   85.360341473
     9.304   0.001031258   85.423846031
     9.297   0.000904156   85.459469119
     9.290   0.000792694   85.478466644
     9.283   0.000694819   85.492487415
     9.276   0.000606986   85.503183072
     9.269   0.000526191   85.510226199
     9.262   0.000451583   85.520950961
     9.255   0.000383244   85.535153630
     9.248   0.000321862   85.547522758
     9.241   0.000268178   85.555984697
     9.234   0.000222106   85.562140157
     9.227   0.000183151   85.569161456
     9.220   0.000150555   85.573366960
     9.214   0.000123160   85.576844867
     9.207   0.000100135   85.579507868
     9.200   0.000080852   85.582170868
     9.193   0.000064776   85.584179033
     9.186   0.000051450   85.584833869
     9.179   0.000040482   85.583844339
     9.172   0.000031525   85.584542830
     9.165   0.000024259   85.585415945
     9.158   0.000018399   85.585728812
     9.151   0.000013713   85.585925262
     9.144   0.000010007   85.585634224
     9.137   0.000007021   84.231389337
     9.130   0.000004584   84.217324911
     9.123   0.000002652   64.189254772
     9.116   0.000001755   42.792889872
     9.108   0.000000772   42.792955355
     9.101   0.000000008   21.396486773
     9.094   0.000000000   9.490000000
     9.087   0.000000000   9.490000000
     9.080   0.000000000   9.490000000
     9.073   0.000000000   9.490000000
     9.066   0.000000000   9.490000000
     9.059   0.000000000   9.490000000
     9.052   0.000000000   9.490000000
     9.045   0.000000000   9.490000000
     9.038   0.000000000   9.490000000
     9.031   0.000000000   9.490000000
     9.024   0.000000000   9.490000000
     9.017   0.000000000   9.490000000
     9.010   0.000000000   9.490000000
     9.003   0.000000000   9.490000000
     8.997   0.000000000   9.490000000
     8.990   0.000000000   9.490000000
     8.983   0.000000000   9.490000000
     8.976   0.000000000   9.490000000
     8.969   0.000000000   9.490000000
     8.962   0.000000000   9.490000000
     8.955   0.000000000   9.490000000
     8.948   0.000000000   9.490000000
     8.941   0.000000000   9.490000000
     8.934   0.000000000   9.490000000
     8.927   0.000000000   9.490000000
     8.920   0.000000000   9.490000000
     8.913   0.000000000   9.490000000
     8.906   0.000000000   9.490000000
     8.899   0.000000000   9.490000000
     8.892   0.000000000   9.490000000
     8.884   0.000000000   9.490000000
     8.877   0.000000000   9.490000000
     8.870   0.000000000   9.490000000
     8.863   0.000000000   9.490000000
     8.856   0.000000000   9.490000000
     8.849   0.000000000   9.490000000
     8.842   0.000000000   9.490000000
     8.835   0.000000000   9.490000000
     8.828   0.000000000   9.490000000
     8.821   0.000000000   9.490000000
     8.814   0.000000000   9.490000000
     8.807   0.000000000   9.490000000
     8.800   0.000000000   9.490000000
     8.793   0.000000000   9.490000000
     8.786   0.000000000   9.490000000
     8.780   0.000000000   9.490000000
     8.773   0.000000000   9.490000000
     8.766   0.000000000   9.490000000
     8.759   0.000000000   9.490000000
     8.752   0.000000000   9.490000000
     8.745   0.000000000   9.490000000
     8.738   0.000000000   9.490000000
     8.731   0.000000000   9.490000000
     8.724   0.000000000   9.490000000
     8.717   0.000000000   9.490000000
     8.710   0.000000000   9.490000000
     8.703   0.000000000   9.490000000
     8.696   0.000000000   9.490000000
     8.689   0.000000000   9.490000000
     8.682   0.000000000   9.490000000
     8.675   0.000000000   9.490000000
     8.667   0.000000000   9.490000000
     8.660   0.000000000   9.490000000
     8.653   0.000000000   9.490000000
     8.646   0.000000000   9.490000000
     8.639   0.000000000   9.490000000
     8.632   0.000000000   9.490000000
     8.625   0.000000000   9.490000000
     8.618   0.000000000   9.490000000
     8.611   0.000000000   9.490000000
     8.604   0.000000000   9.490000000
     8.597   0.000000000   9.490000000
     8.590   0.000000000   9.490000000
     8.583   0.000000000   9.490000000
     8.576   0.000000000   9.490000000
     8.569   0.000000000   9.490000000
     8.562   0.000000000   9.490000000
     8.556   0.000000000   9.490000000
     8.549   0.000000000   9.490000000
     8.542   0.000000000   9.490000000
     8.535   0.000000000   9.490000000
     8.528   0.000000000   9.490000000
     8.521   0.000000000   9.490000000
     8.514   0.000000000   9.490000000
     8.507   0.000000000   9.490000000
     8.500   0.000000000   9.490000000
     8.493   0.000000000   9.490000000
     8.486   0.000000000   9.490000000
     8.479   0.000000000   9.490000000
     8.472   0.000000000   9.490000000
     8.465   0.000000000   9.490000000
     8.458   0.000000000   9.490000000
     8.457   0.000000000   9.490000000
