#      z         IWC          R_eff
#     (km)     (g/m^3)         (um)
     10.236   0.000000000   9.490000000
     10.229   0.000000000   9.490000000
     10.222   0.000000000   9.490000000
     10.215   0.000000000   9.490000000
     10.208   0.000000000   9.490000000
     10.200   0.000000000   9.490000000
     10.193   0.000000000   9.490000000
     10.186   0.000000000   9.490000000
     10.179   0.000000000   9.490000000
     10.172   0.000000000   9.490000000
     10.165   0.000000000   9.490000000
     10.158   0.000000000   9.490000000
     10.151   0.000000000   9.490000000
     10.144   0.000000000   9.490000000
     10.137   0.000000000   9.490000000
     10.130   0.000000019   18.927488782
     10.123   0.000000124   25.594552426
     10.116   0.000000489   25.291537895
     10.109   0.000001681   24.562014005
     10.102   0.000005714   24.258690246
     10.095   0.000015114   22.382526367
     10.089   0.000048957   22.312793590
     10.082   0.000124875   20.956833396
     10.075   0.000294299   19.811388484
     10.068   0.000633487   18.626975361
     10.061   0.001116077   17.209807993
     10.054   0.001917453   16.244503058
     10.047   0.002619189   14.740820916
     10.040   0.003666423   14.081528207
     10.033   0.004681382   13.359035620
     10.026   0.006103600   13.160008166
     10.019   0.007155446   12.635020539
     10.012   0.008280562   12.456966942
     10.005   0.009640775   12.495609553
     9.998   0.010805399   12.559171410
     9.991   0.011577564   12.693000826
     9.983   0.012403296   12.969721865
     9.976   0.012891220   13.157566173
     9.969   0.013423816   13.519486856
     9.962   0.013554778   13.964719074
     9.955   0.013622323   14.506380467
     9.948   0.013788347   15.256515326
     9.941   0.013127337   15.734198314
     9.934   0.012624156   16.434947611
     9.927   0.012425708   17.265065253
     9.920   0.012828013   18.502885723
     9.913   0.012469840   19.520852220
     9.906   0.013017303   20.935294742
     9.899   0.012466976   21.896561520
     9.892   0.011221042   22.510996132
     9.885   0.011310080   23.854336177
     9.878   0.012111930   25.870664103
     9.872   0.011778359   26.978726964
     9.865   0.011221054   27.942225643
     9.858   0.011234547   29.585962693
     9.851   0.012017968   31.521340134
     9.844   0.011653408   32.632186048
     9.837   0.010591462   33.130581869
     9.830   0.011111979   35.540182580
     9.823   0.010940206   37.016434362
     9.816   0.010599517   38.332804252
     9.809   0.011464224   40.854814870
     9.802   0.010679966   40.401486331
     9.795   0.008570447   38.934809709
     9.788   0.008323325   40.838458517
     9.781   0.008784179   42.864783609
     9.774   0.009374236   44.321870519
     9.767   0.010177443   46.337212552
     9.759   0.010903595   49.230548029
     9.752   0.010736796   50.773629482
     9.745   0.009807029   50.901897339
     9.738   0.008616898   50.224643928
     9.731   0.007969325   50.589849707
     9.724   0.008340578   52.905965276
     9.717   0.009167510   55.108706874
     9.710   0.009880052   56.473134464
     9.703   0.010596919   57.639001170
     9.696   0.010576528   57.876790379
     9.689   0.010142519   58.485689806
     9.682   0.008848107   58.533809352
     9.675   0.007557690   58.472225646
     9.668   0.005993223   57.623077737
     9.661   0.005420787   59.188831074
     9.655   0.005655351   62.101098592
     9.648   0.005780409   62.938590418
     9.641   0.005787109   63.101717387
     9.634   0.005696917   63.161052822
     9.627   0.005723476   64.246800321
     9.620   0.006264290   67.206397944
     9.613   0.006519887   68.674984504
     9.606   0.006271723   68.056484452
     9.599   0.005646293   66.709035309
     9.592   0.005190439   67.269153078
     9.585   0.004694441   68.580833613
     9.578   0.004344667   69.471803727
     9.571   0.004290797   70.537149440
     9.564   0.004741875   73.006696766
     9.557   0.004855187   74.293806392
     9.550   0.004825471   75.196468970
     9.542   0.004689894   75.523610576
     9.535   0.004332171   75.917057984
     9.528   0.003717476   75.398980698
     9.521   0.003298451   75.541640399
     9.514   0.003222515   78.049211879
     9.507   0.002965973   78.232871601
     9.500   0.002932888   79.825847934
     9.493   0.002776733   80.289697507
     9.486   0.002666945   80.853038526
     9.479   0.002494721   81.280348240
     9.472   0.002331010   81.813544966
     9.465   0.002140047   82.093210949
     9.458   0.001985620   82.630605903
     9.451   0.001830620   83.084669313
     9.444   0.001697405   83.500934124
     9.438   0.001562238   83.625011030
     9.431   0.001449574   84.023406089
     9.424   0.001353044   84.403400251
     9.417   0.001263495   84.707746282
     9.410   0.001171777   84.869163402
     9.403   0.001078642   85.018255049
     9.396   0.000992522   85.103631136
     9.389   0.000916621   85.194769781
     9.382   0.000848160   85.262094217
     9.375   0.000781881   85.291932919
     9.368   0.000714194   85.302162915
     9.361   0.000636341   85.306019173
     9.354   0.000540495   85.316394689
     9.347   0.000431926   85.292907897
     9.340   0.000344075   85.294057499
     9.333   0.000277424   85.333427705
     9.325   0.000226594   85.408952145
     9.318   0.000187524   85.459447291
     9.311   0.000156829   85.494801169
     9.304   0.000132330   85.522602603
     9.297   0.000112384   85.539082647
     9.290   0.000095788   85.550025688
     9.283   0.000081698   85.555686383
     9.276   0.000069472   85.560139269
     9.269   0.000058757   85.564388428
     9.262   0.000049311   85.570180090
     9.255   0.000040980   85.574756667
     9.248   0.000033677   85.578118160
     9.241   0.000027260   85.401807155
     9.234   0.000021809   85.367137217
     9.227   0.000017188   85.373358161
     9.220   0.000013193   84.915649495
     9.214   0.000010021   84.906539996
     9.207   0.000006914   84.911276645
     9.200   0.000004839   63.019448135
     9.193   0.000002915   62.967621488
     9.186   0.000001971   42.040883272
     9.179   0.000000800   41.043465899
     9.172   0.000000501   20.343552023
     9.165   0.000000007   20.342795324
     9.158   0.000000000   9.490000000
     9.151   0.000000000   9.490000000
     9.144   0.000000000   9.490000000
     9.137   0.000000000   9.490000000
     9.130   0.000000000   9.490000000
     9.123   0.000000000   9.490000000
     9.116   0.000000000   9.490000000
     9.108   0.000000000   9.490000000
     9.101   0.000000000   9.490000000
     9.094   0.000000000   9.490000000
     9.087   0.000000000   9.490000000
     9.080   0.000000000   9.490000000
     9.073   0.000000000   9.490000000
     9.066   0.000000000   9.490000000
     9.059   0.000000000   9.490000000
     9.052   0.000000000   9.490000000
     9.045   0.000000000   9.490000000
     9.038   0.000000000   9.490000000
     9.031   0.000000000   9.490000000
     9.024   0.000000000   9.490000000
     9.017   0.000000000   9.490000000
     9.010   0.000000000   9.490000000
     9.003   0.000000000   9.490000000
     8.997   0.000000000   9.490000000
     8.990   0.000000000   9.490000000
     8.983   0.000000000   9.490000000
     8.976   0.000000000   9.490000000
     8.969   0.000000000   9.490000000
     8.962   0.000000000   9.490000000
     8.955   0.000000000   9.490000000
     8.948   0.000000000   9.490000000
     8.941   0.000000000   9.490000000
     8.934   0.000000000   9.490000000
     8.927   0.000000000   9.490000000
     8.920   0.000000000   9.490000000
     8.913   0.000000000   9.490000000
     8.906   0.000000000   9.490000000
     8.899   0.000000000   9.490000000
     8.892   0.000000000   9.490000000
     8.884   0.000000000   9.490000000
     8.877   0.000000000   9.490000000
     8.870   0.000000000   9.490000000
     8.863   0.000000000   9.490000000
     8.856   0.000000000   9.490000000
     8.849   0.000000000   9.490000000
     8.842   0.000000000   9.490000000
     8.835   0.000000000   9.490000000
     8.828   0.000000000   9.490000000
     8.821   0.000000000   9.490000000
     8.814   0.000000000   9.490000000
     8.807   0.000000000   9.490000000
     8.800   0.000000000   9.490000000
     8.793   0.000000000   9.490000000
     8.786   0.000000000   9.490000000
     8.780   0.000000000   9.490000000
     8.773   0.000000000   9.490000000
     8.766   0.000000000   9.490000000
     8.759   0.000000000   9.490000000
     8.752   0.000000000   9.490000000
     8.745   0.000000000   9.490000000
     8.738   0.000000000   9.490000000
     8.731   0.000000000   9.490000000
     8.724   0.000000000   9.490000000
     8.717   0.000000000   9.490000000
     8.710   0.000000000   9.490000000
     8.703   0.000000000   9.490000000
     8.696   0.000000000   9.490000000
     8.689   0.000000000   9.490000000
     8.682   0.000000000   9.490000000
     8.675   0.000000000   9.490000000
     8.667   0.000000000   9.490000000
     8.660   0.000000000   9.490000000
     8.653   0.000000000   9.490000000
     8.646   0.000000000   9.490000000
     8.639   0.000000000   9.490000000
     8.632   0.000000000   9.490000000
     8.625   0.000000000   9.490000000
     8.618   0.000000000   9.490000000
     8.611   0.000000000   9.490000000
     8.604   0.000000000   9.490000000
     8.597   0.000000000   9.490000000
     8.590   0.000000000   9.490000000
     8.583   0.000000000   9.490000000
     8.576   0.000000000   9.490000000
     8.569   0.000000000   9.490000000
     8.562   0.000000000   9.490000000
     8.556   0.000000000   9.490000000
     8.549   0.000000000   9.490000000
     8.542   0.000000000   9.490000000
     8.535   0.000000000   9.490000000
     8.528   0.000000000   9.490000000
     8.521   0.000000000   9.490000000
     8.514   0.000000000   9.490000000
     8.507   0.000000000   9.490000000
     8.500   0.000000000   9.490000000
     8.493   0.000000000   9.490000000
     8.486   0.000000000   9.490000000
     8.479   0.000000000   9.490000000
     8.472   0.000000000   9.490000000
     8.465   0.000000000   9.490000000
     8.458   0.000000000   9.490000000
     8.457   0.000000000   9.490000000
