#      z         IWC          R_eff
#     (km)     (g/m^3)         (um)
     10.236   0.000000000   9.490000000
     10.229   0.000000000   9.490000000
     10.222   0.000000000   9.490000000
     10.215   0.000000000   9.490000000
     10.208   0.000000000   9.490000000
     10.200   0.000000000   9.490000000
     10.193   0.000000000   9.490000000
     10.186   0.000000000   9.490000000
     10.179   0.000000000   9.490000000
     10.172   0.000000000   9.490000000
     10.165   0.000000000   9.490000000
     10.158   0.000000000   9.490000000
     10.151   0.000000000   9.490000000
     10.144   0.000000000   9.490000000
     10.137   0.000000000   9.490000000
     10.130   0.000000000   9.490000000
     10.123   0.000000000   9.490000000
     10.116   0.000000000   9.490000000
     10.109   0.000000000   9.490000000
     10.102   0.000000000   9.490000000
     10.095   0.000000000   9.490000000
     10.089   0.000000019   9.490000000
     10.082   0.000000086   14.955091501
     10.075   0.000000242   22.383443138
     10.068   0.000000574   30.279745260
     10.061   0.000001175   30.536837585
     10.054   0.000002066   30.436180168
     10.047   0.000003154   30.755298212
     10.040   0.000005756   31.858002330
     10.033   0.000009274   32.856041798
     10.026   0.000013059   32.861567888
     10.019   0.000018314   33.809694287
     10.012   0.000022740   33.792628528
     10.005   0.000030187   34.374323150
     9.998   0.000037257   34.925920772
     9.991   0.000041770   36.025579902
     9.983   0.000046394   36.208992242
     9.976   0.000053397   37.106532545
     9.969   0.000061201   38.272934034
     9.962   0.000060275   37.333837099
     9.955   0.000062257   38.186553866
     9.948   0.000066764   39.603277401
     9.941   0.000065707   40.780778363
     9.934   0.000070336   42.661955376
     9.927   0.000072124   43.072435801
     9.920   0.000076214   43.536696467
     9.913   0.000075948   44.735876145
     9.906   0.000064725   44.913402235
     9.899   0.000076630   47.281613661
     9.892   0.000085073   48.039550165
     9.885   0.000078969   48.095444072
     9.878   0.000063113   47.747264034
     9.872   0.000057372   48.640064051
     9.865   0.000054921   49.828875490
     9.858   0.000056660   51.046019507
     9.851   0.000051529   51.809063734
     9.844   0.000047833   52.703933761
     9.837   0.000044164   52.650506404
     9.830   0.000043505   53.559295338
     9.823   0.000050414   57.285331422
     9.816   0.000047086   57.574303355
     9.809   0.000044916   58.282214013
     9.802   0.000043123   57.899182138
     9.795   0.000040896   59.378900914
     9.788   0.000032650   58.318139054
     9.781   0.000025530   57.905821450
     9.774   0.000019978   57.735807786
     9.767   0.000016283   59.153506299
     9.759   0.000015114   61.063867179
     9.752   0.000014045   61.918297433
     9.745   0.000016342   64.975043642
     9.738   0.000017850   65.846514190
     9.731   0.000018910   66.283682827
     9.724   0.000018280   65.520456701
     9.717   0.000015798   65.488129621
     9.710   0.000012293   64.820065745
     9.703   0.000010225   65.735112003
     9.696   0.000008625   67.212466092
     9.689   0.000005877   65.616870415
     9.682   0.000005328   67.260130891
     9.675   0.000003343   64.301391831
     9.668   0.000003336   50.557042414
     9.661   0.000003414   51.887785958
     9.655   0.000003732   54.227599321
     9.648   0.000003625   54.965290474
     9.641   0.000003159   54.971744248
     9.634   0.000002254   55.383796280
     9.627   0.000001713   37.570003769
     9.620   0.000001292   36.999863369
     9.613   0.000001038   36.814817577
     9.606   0.000000646   37.179685023
     9.599   0.000000529   18.401462512
     9.592   0.000000587   19.896697268
     9.585   0.000000533   20.290219254
     9.578   0.000000451   19.842520487
     9.571   0.000000407   19.872632038
     9.564   0.000000006   19.873274141
     9.557   0.000000000   9.490000000
     9.550   0.000000000   9.490000000
     9.542   0.000000000   9.490000000
     9.535   0.000000000   9.490000000
     9.528   0.000000000   9.490000000
     9.521   0.000000000   9.490000000
     9.514   0.000000000   9.490000000
     9.507   0.000000000   9.490000000
     9.500   0.000000000   9.490000000
     9.493   0.000000000   9.490000000
     9.486   0.000000000   9.490000000
     9.479   0.000000000   9.490000000
     9.472   0.000000000   9.490000000
     9.465   0.000000000   9.490000000
     9.458   0.000000000   9.490000000
     9.451   0.000000000   9.490000000
     9.444   0.000000000   9.490000000
     9.438   0.000000000   9.490000000
     9.431   0.000000000   9.490000000
     9.424   0.000000000   9.490000000
     9.417   0.000000000   9.490000000
     9.410   0.000000000   9.490000000
     9.403   0.000000000   9.490000000
     9.396   0.000000000   9.490000000
     9.389   0.000000000   9.490000000
     9.382   0.000000000   9.490000000
     9.375   0.000000000   9.490000000
     9.368   0.000000000   9.490000000
     9.361   0.000000000   9.490000000
     9.354   0.000000000   9.490000000
     9.347   0.000000000   9.490000000
     9.340   0.000000000   9.490000000
     9.333   0.000000000   9.490000000
     9.325   0.000000000   9.490000000
     9.318   0.000000000   9.490000000
     9.311   0.000000000   9.490000000
     9.304   0.000000000   9.490000000
     9.297   0.000000000   9.490000000
     9.290   0.000000000   9.490000000
     9.283   0.000000000   9.490000000
     9.276   0.000000000   9.490000000
     9.269   0.000000000   9.490000000
     9.262   0.000000000   9.490000000
     9.255   0.000000000   9.490000000
     9.248   0.000000000   9.490000000
     9.241   0.000000000   9.490000000
     9.234   0.000000000   9.490000000
     9.227   0.000000000   9.490000000
     9.220   0.000000000   9.490000000
     9.214   0.000000000   9.490000000
     9.207   0.000000000   9.490000000
     9.200   0.000000000   9.490000000
     9.193   0.000000000   9.490000000
     9.186   0.000000000   9.490000000
     9.179   0.000000000   9.490000000
     9.172   0.000000000   9.490000000
     9.165   0.000000000   9.490000000
     9.158   0.000000000   9.490000000
     9.151   0.000000000   9.490000000
     9.144   0.000000000   9.490000000
     9.137   0.000000000   9.490000000
     9.130   0.000000000   9.490000000
     9.123   0.000000000   9.490000000
     9.116   0.000000000   9.490000000
     9.108   0.000000000   9.490000000
     9.101   0.000000000   9.490000000
     9.094   0.000000000   9.490000000
     9.087   0.000000000   9.490000000
     9.080   0.000000000   9.490000000
     9.073   0.000000000   9.490000000
     9.066   0.000000000   9.490000000
     9.059   0.000000000   9.490000000
     9.052   0.000000000   9.490000000
     9.045   0.000000000   9.490000000
     9.038   0.000000000   9.490000000
     9.031   0.000000000   9.490000000
     9.024   0.000000000   9.490000000
     9.017   0.000000000   9.490000000
     9.010   0.000000000   9.490000000
     9.003   0.000000000   9.490000000
     8.997   0.000000000   9.490000000
     8.990   0.000000000   9.490000000
     8.983   0.000000000   9.490000000
     8.976   0.000000000   9.490000000
     8.969   0.000000000   9.490000000
     8.962   0.000000000   9.490000000
     8.955   0.000000000   9.490000000
     8.948   0.000000000   9.490000000
     8.941   0.000000000   9.490000000
     8.934   0.000000000   9.490000000
     8.927   0.000000000   9.490000000
     8.920   0.000000000   9.490000000
     8.913   0.000000000   9.490000000
     8.906   0.000000000   9.490000000
     8.899   0.000000000   9.490000000
     8.892   0.000000000   9.490000000
     8.884   0.000000000   9.490000000
     8.877   0.000000000   9.490000000
     8.870   0.000000000   9.490000000
     8.863   0.000000000   9.490000000
     8.856   0.000000000   9.490000000
     8.849   0.000000000   9.490000000
     8.842   0.000000000   9.490000000
     8.835   0.000000000   9.490000000
     8.828   0.000000000   9.490000000
     8.821   0.000000000   9.490000000
     8.814   0.000000000   9.490000000
     8.807   0.000000000   9.490000000
     8.800   0.000000000   9.490000000
     8.793   0.000000000   9.490000000
     8.786   0.000000000   9.490000000
     8.780   0.000000000   9.490000000
     8.773   0.000000000   9.490000000
     8.766   0.000000000   9.490000000
     8.759   0.000000000   9.490000000
     8.752   0.000000000   9.490000000
     8.745   0.000000000   9.490000000
     8.738   0.000000000   9.490000000
     8.731   0.000000000   9.490000000
     8.724   0.000000000   9.490000000
     8.717   0.000000000   9.490000000
     8.710   0.000000000   9.490000000
     8.703   0.000000000   9.490000000
     8.696   0.000000000   9.490000000
     8.689   0.000000000   9.490000000
     8.682   0.000000000   9.490000000
     8.675   0.000000000   9.490000000
     8.667   0.000000000   9.490000000
     8.660   0.000000000   9.490000000
     8.653   0.000000000   9.490000000
     8.646   0.000000000   9.490000000
     8.639   0.000000000   9.490000000
     8.632   0.000000000   9.490000000
     8.625   0.000000000   9.490000000
     8.618   0.000000000   9.490000000
     8.611   0.000000000   9.490000000
     8.604   0.000000000   9.490000000
     8.597   0.000000000   9.490000000
     8.590   0.000000000   9.490000000
     8.583   0.000000000   9.490000000
     8.576   0.000000000   9.490000000
     8.569   0.000000000   9.490000000
     8.562   0.000000000   9.490000000
     8.556   0.000000000   9.490000000
     8.549   0.000000000   9.490000000
     8.542   0.000000000   9.490000000
     8.535   0.000000000   9.490000000
     8.528   0.000000000   9.490000000
     8.521   0.000000000   9.490000000
     8.514   0.000000000   9.490000000
     8.507   0.000000000   9.490000000
     8.500   0.000000000   9.490000000
     8.493   0.000000000   9.490000000
     8.486   0.000000000   9.490000000
     8.479   0.000000000   9.490000000
     8.472   0.000000000   9.490000000
     8.465   0.000000000   9.490000000
     8.458   0.000000000   9.490000000
     8.457   0.000000000   9.490000000
